%YAML:1.0
indx: [ 399, 1397, 898, 907, 449, 1025, 913, 1493, 522, 1322, 276, 38,
    1220, 938, 1391, 89, 646, 36, 98, 303, 253, 861, 287, 1264, 544, 889,
    1096, 631, 312, 855, 1077, 673, 1398, 436, 71, 716, 1260, 606, 51,
    53, 167, 708, 850, 138, 676, 1464, 531, 305, 569, 1434, 1139, 1053,
    598, 237, 542, 395, 265, 1371, 848, 124, 368, 427, 259, 517, 737,
    770, 533, 974, 128, 1149, 1318, 398, 555, 21, 1478, 1043, 1208, 1254,
    508, 783, 1012, 193, 564, 1024, 1152, 594, 1409, 343, 111, 1274,
    1127, 1065, 825, 207, 288, 1337, 115, 100, 1320, 1388, 86, 562, 1101,
    177, 573, 122, 1218, 263, 212, 976, 820, 362, 1408, 435, 558, 903,
    186, 200, 503, 352, 274, 151, 224, 1167, 1089, 1307, 990, 20, 618,
    1174, 217, 613, 718, 1200, 933, 766, 67, 802, 1271, 156, 997, 350,
    447, 525, 1010, 457, 728, 1066, 1376, 201, 523, 792, 755, 502, 875,
    55, 952, 486, 321, 642, 640, 463, 948, 139, 1037, 445, 844, 965, 911,
    240, 62, 953, 1365, 372, 456, 198, 42, 407, 481, 121, 482, 444, 360,
    474, 556, 629, 1425, 668, 375, 1427, 1137, 1219, 1498, 374, 161,
    1226, 1352, 344, 187, 388, 1064, 1279, 565, 883, 966, 66, 442, 583,
    1433, 1437, 1016, 90, 1099, 1040, 504, 912, 116, 983, 593, 1021,
    1456, 403, 389, 810, 698, 1217, 689, 286, 1273, 744, 1446, 438, 31,
    294, 1188, 1189, 678, 1088, 1284, 614, 1081, 1134, 800, 84, 902, 846,
    996, 899, 331, 568, 91, 165, 747, 478, 529, 485, 29, 1418, 791, 94,
    1068, 172, 1461, 1252, 702, 652, 1155, 1195, 1229, 920, 460, 314,
    443, 348, 511, 157, 1170, 109, 944, 1471, 553, 168, 1071, 459, 203,
    887, 394, 675, 468, 697, 15, 1163, 136, 1130, 1419, 729, 1033, 774,
    1015, 1116, 414, 1350, 1004, 1214, 96, 367, 1216, 297, 1154, 524,
    345, 1008, 1422, 1288, 788, 616, 347, 413, 722, 688, 1262, 238, 1321,
    636, 1034, 709, 333, 241, 239, 1462, 87, 895, 24, 1138, 645, 1237,
    1240, 402, 905, 1404, 663, 1351, 986, 748, 208, 715, 519, 940, 627,
    379, 509, 308, 596, 739, 118, 1424, 971, 570, 879, 937, 600, 273,
    941, 601, 1142, 653, 806, 1410, 46, 148, 939, 1343, 264, 30, 1302,
    254, 963, 1212, 936, 1029, 724, 961, 777, 782, 298, 886, 987, 396,
    780, 992, 428, 1145, 153, 786, 866, 1387, 693, 1020, 202, 106, 1291,
    1114, 1084, 581, 225, 155, 1107, 1306, 942, 626, 93, 430, 1280, 828,
    57, 349, 1123, 25, 1445, 547, 831, 1335, 301, 651, 1079, 684, 1067,
    454, 1399, 734, 1324, 749, 925, 672, 191, 869, 327, 1412, 1263, 40,
    1059, 233, 534, 80, 60, 246, 1354, 1075, 163, 150, 1301, 526, 1393,
    700, 671, 1109, 1143, 1112, 419, 1238, 405, 506, 1265, 284, 897, 22,
    623, 696, 1069, 64, 426, 546, 514, 799, 127, 923, 82, 146, 622, 335,
    357, 95, 108, 256, 242, 1228, 970, 1429, 750, 65, 50, 1106, 1383,
    271, 219, 1363, 179, 1234, 1227, 650, 452, 615, 1028, 931, 1073,
    1473, 158, 1267, 1122, 346, 1047, 69, 267, 969, 295, 870, 914, 1480,
    1161, 1035, 527, 611, 376, 326, 325, 781, 1370, 796, 890, 643, 59,
    706, 597, 1467, 1050, 313, 1439, 1442, 1400, 721, 994, 364, 619, 691,
    421, 262, 258, 92, 1166, 1191, 1093, 101, 232, 967, 132, 701, 1128,
    884, 451, 1192, 1097, 1347, 499, 692, 972, 1135, 732, 222, 950, 647,
    877, 1440, 818, 16, 76, 1289, 1333, 466, 1447, 334, 915, 171, 1378,
    725, 1052, 803, 752, 608, 1385, 223, 723, 867, 1293, 304, 654, 1111,
    142, 979, 754, 279, 480, 6, 1299, 131, 77, 1296, 816, 236, 1405,
    1087, 1432, 960, 336, 764, 926, 862, 1348, 323, 1045, 220, 488, 538,
    1332, 1057, 711, 113, 794, 1392, 1268, 1151, 610, 1186, 88, 221, 857,
    740, 1243, 70, 204, 1290, 1435, 670, 738, 743, 667, 571, 9, 114, 74,
    1144, 812, 1038, 1098, 1013, 768, 590, 302, 1168, 541, 1255, 543,
    1314, 773, 169, 1304, 1460, 12, 1438, 359, 891, 1415, 231, 849, 213,
    521, 908, 1443, 493, 437, 1297, 1041, 575, 216, 0, 33, 1359, 1285,
    826, 1319, 686, 1403, 433, 656, 1253, 1233, 1225, 380, 434, 310, 181,
    363, 510, 166, 1449, 1317, 945, 1080, 964, 209, 385, 909, 540, 1210,
    1496, 1125, 141, 1148, 977, 632, 229, 1330, 513, 955, 182, 900, 745,
    551, 832, 479, 1311, 644, 261, 776, 1413, 1178, 1001, 117, 390, 545,
    658, 1032, 1222, 1430, 1150, 1235, 1250, 1246, 793, 1395, 833, 968,
    851, 126, 674, 1491, 211, 491, 1160, 1113, 685, 73, 104, 827, 1369,
    772, 765, 1247, 1310, 989, 152, 299, 44, 173, 856, 1044, 471, 978,
    1119, 505, 251, 1090, 864, 1018, 1074, 694, 1048, 226, 805, 1199,
    894, 1281, 1121, 406, 836, 337, 1259, 863, 1205, 847, 1305, 289, 404,
    125, 1232, 1171, 52, 1382, 1386, 638, 1082, 79, 281, 1241, 291, 1181,
    762, 472, 56, 470, 868, 586, 1014, 498, 665, 351, 975, 787, 249,
    1277, 532, 731, 1469, 801, 560, 797, 484, 205, 184, 714, 420, 431,
    1257, 234, 1374, 1132, 1103, 1414, 422, 397, 1390, 1, 47, 874, 1117,
    1450, 572, 873, 904, 962, 1313, 465, 579, 790, 477, 559, 1105, 1236,
    1183, 985, 11, 189, 1249, 1328, 865, 497, 309, 1353, 892, 283, 441,
    120, 1118, 830, 1373, 1094, 423, 666, 277, 1329, 1036, 771, 680, 906,
    1366, 808, 1407, 991, 603, 1141, 1115, 789, 195, 1292, 1023, 758,
    741, 1497, 585, 576, 910, 1489, 927, 412, 1060, 1327, 1049, 954,
    1384, 591, 188, 78, 719, 1463, 133, 255, 495, 1019, 917, 649, 609, 5,
    1085, 235, 634, 1477, 1180, 13, 775, 1360, 145, 657, 1451, 824, 129,
    32, 1486, 260, 561, 475, 1248, 143, 162, 1423, 306, 1441, 353, 41,
    804, 230, 687, 130, 550, 1476, 1326, 695, 1349, 690, 947, 769, 1100,
    648, 1341, 37, 630, 1468, 641, 1355, 703, 489, 245, 501, 243, 853,
    387, 704, 1206, 1027, 935, 1086, 366, 588, 823, 112, 1315, 577, 785,
    293, 1458, 1258, 215, 707, 1295, 1058, 1340, 417, 1026, 1312, 393,
    574, 896, 365, 1076, 199, 753, 625, 1245, 1499, 852, 446, 1481, 880,
    4, 1193, 515, 1056, 300, 1431, 1357, 43, 49, 147, 1126, 386, 35,
    1372, 1278, 1092, 563, 248, 539, 599, 315, 843, 332, 1358, 354, 1325,
    371, 1054, 18, 860, 995, 763, 837, 661, 677, 528, 982, 838, 871, 316,
    1197, 993, 7, 342, 757, 1159, 1003, 440, 1185, 1184, 1124, 988, 1162,
    439, 1179, 1323, 269, 1453, 1051, 829, 821, 1266, 154, 602, 418, 595,
    683, 190, 660, 268, 1164, 473, 842, 415, 839, 1269, 1156, 932, 918,
    1483, 23, 1083, 713, 1194, 119, 1182, 1470, 416, 1146, 176, 679,
    1417, 1104, 1375, 329, 1454, 537, 885, 110, 214, 604, 834, 1338, 919,
    278, 973, 370, 383, 1201, 149, 318, 587, 1300, 712, 206, 408, 1455,
    1309, 1165, 48, 1175, 1095, 500, 99, 1287, 282, 1336, 999, 296, 1046,
    878, 1270, 882, 1492, 1344, 54, 492, 1055, 928, 244, 1339, 410, 1495,
    392, 159, 669, 637, 893, 1147, 779, 1362, 1204, 735, 311, 530, 462,
    1448, 1356, 549, 1224, 1406, 957, 290, 958, 1402, 72, 1061, 1062,
    1308, 589, 1364, 1209, 635, 140, 620, 1223, 814, 175, 102, 373, 1000,
    17, 998, 1009, 1421, 1207, 815, 272, 494, 358, 292, 1485, 1091, 845,
    355, 984, 584, 835, 1172, 628, 1007, 1389, 1316, 1039, 582, 552, 580,
    1416, 97, 483, 759, 185, 68, 567, 26, 1479, 1377, 1017, 1276, 1006,
    930, 307, 760, 1102, 409, 1401, 1474, 536, 605, 881, 548, 170, 1428,
    681, 617, 1272, 922, 27, 391, 247, 135, 432, 1215, 1459, 381, 1380,
    1361, 1176, 275, 1211, 924, 859, 1381, 756, 1261, 751, 1436, 1157,
    682, 1303, 1042, 1487, 19, 512, 1396, 1484, 28, 817, 710, 14, 1457,
    369, 956, 280, 192, 1298, 174, 320, 1367, 784, 45, 382, 959, 63, 144,
    1221, 210, 453, 400, 858, 934, 639, 981, 1452, 1331, 196, 1334, 1177,
    270, 520, 888, 1230, 1196, 807, 705, 1420, 761, 1190, 75, 1153, 339,
    1472, 469, 872, 34, 578, 464, 467, 250, 1490, 1346, 1022, 384, 921,
    1030, 3, 1203, 490, 876, 252, 1286, 496, 107, 1294, 1005, 1466, 1136,
    819, 822, 664, 1158, 1002, 103, 83, 554, 341, 322, 655, 61, 218, 487,
    507, 1242, 949, 624, 328, 612, 1173, 361, 1426, 1394, 730, 1169,
    1275, 1078, 557, 767, 228, 943, 733, 535, 813, 180, 377, 1244, 1282,
    330, 726, 809, 1283, 854, 8, 1031, 285, 946, 1411, 160, 476, 429,
    795, 424, 621, 518, 2, 1133, 778, 257, 659, 461, 58, 1239, 901, 951,
